- id: 7743
  name: Wizard of Wor
  popularity: 1.0
  rating: 77.8438883798457
  total_rating: 77.8438883798457
  total_rating_count: 5
