- id: 11325
  name: The Oregon Trail
  popularity: 2.355671902268761
  rating: 79.8076494106833
  total_rating: 79.8076494106833
  total_rating_count: 12
