- id: 2872
  name: Rogue
  popularity: 1.677835951134381
  rating: 70.8038771014285
  total_rating: 70.8038771014285
  total_rating_count: 7
