- id: 2872
  name: Rogue
  popularity: 1.676958545203826
  rating: 70.8038771014285
  total_rating: 70.8038771014285
  total_rating_count: 7
