- id: 2872
  name: Rogue
  popularity: 2.128710447395802
  rating: 70.8038771014285
  total_rating: 70.8038771014285
  total_rating_count: 7
