- id: 6817
  name: Ghouls 'n Ghosts
  popularity: 1.449491346118362
  rating: 85.38735430494819
  total_rating: 85.38735430494819
  total_rating_count: 23
