- id: 5691
  name: Pole Position
  popularity: 1.677835951134381
  rating: 74.357290935718
  total_rating: 67.178645467859
  total_rating_count: 15
