- id: 5691
  name: Pole Position
  popularity: 2.020680039401304
  rating: 74.357290935718
  total_rating: 67.178645467859
  total_rating_count: 15
