- id: 312
  name: 'Doom II: Hell on Earth'
  popularity: 2.579569938808929
  rating: 86.3519555454009
  total_rating: 85.34264443936709
  total_rating_count: 207
- id: 778
  name: Madden NFL 2005
  popularity: 1.0
  total_rating: 84.3333333333333
  total_rating_count: 5
